year	age	N	Z	StockWeights	M	F	CalcCno	CatchWeights	SSBWeights	StockMaturity	ObsCno	CatchDiff	CalcSurveyNr1	ObsSurveyNr1	SurveyResiduals1
1980	1	32212.2	0.2	51	0.2	0	0	0	0	0	-1	-1	0	-1	0
1980	2	24614.5	0.2	288	0.2	0	0	0	0	0	-1	-1	0	-1	0
1980	3	28213.4	0.216384	767	0.2	0.0163837	415.65	1428	1428	0	275	-0.285023	0	-1	0
1980	4	46788.6	0.285286	1339	0.2	0.0852856	3471.67	1983	1983	0.087	2540	-0.297253	0	-1	0
1980	5	30887.3	0.377657	2026	0.2	0.177657	4570.18	2667	2667	0.211	5214	0.127825	0	-1	0
1980	6	10283.8	0.495147	2866	0.2	0.295147	2393.86	3689	3689	0.425	2596	0.0764212	0	-1	0
1980	7	8142.84	0.563152	3941	0.2	0.363152	2261.01	5409	5409	0.67	2169	-0.0388833	0	-1	0
1980	8	3698.21	0.638226	5148	0.2	0.438226	1197.97	6321	6321	0.849	1341	0.100741	0	-1	0
1980	9	1297.22	0.607781	6192	0.2	0.407781	396.393	7213	7213	0.941	387	-0.0172936	0	-1	0
1980	10	720.384	0.638226	7791	0.2	0.438226	233.356	8565	8565	1	262	0.0717908	0	-1	0
1980	11	661.106	0.558789	9645	0.2	0.358789	181.722	9147	9147	1	155	-0.0835956	0	-1	0
1980	12	505.564	0.558789	11263	0.2	0.358789	138.967	9617	9617	1	112	-0.0974437	0	-1	0
1980	13	335.182	0.558789	12616	0.2	0.358789	92.1331	10066	10066	1	64	-0.122713	0	-1	0
1980	14	122.697	0.558789	13749	0.2	0.358789	33.7263	11041	11041	1	33	-0.00392917	0	-1	0
1981	1	47940.1	0.2	51	0.2	0	0	0	0	0	-1	-1	0	-1	0
1981	2	26373.1	0.2	288	0.2	0	0	0	0	0	-1	-1	0	-1	0
1981	3	20152.6	0.214648	767	0.2	0.0146482	265.668	1585	1585	0	203	-0.165124	0	-1	0
1981	4	22723.8	0.276251	1339	0.2	0.0762515	1513.99	2037	2037	0.087	1325	-0.120864	0	-1	0
1981	5	35175.6	0.358838	2026	0.2	0.158838	4694.66	2696	2696	0.211	3503	-0.282595	0	-1	0
1981	6	21172.2	0.463883	2866	0.2	0.263883	4470.27	3525	3525	0.425	5404	0.184209	0	-1	0
1981	7	6267.75	0.524684	3941	0.2	0.324684	1583.47	4541	4541	0.67	1457	-0.0759357	0	-1	0
1981	8	4636.63	0.591806	5148	0.2	0.391806	1371.15	6247	6247	0.849	1415	0.0284954	0	-1	0
1981	9	1953.5	0.564586	6192	0.2	0.364586	544.211	6991	6991	0.941	578	0.0477904	0	-1	0
1981	10	706.411	0.591806	7791	0.2	0.391806	208.9	8202	8202	1	242	0.0891571	0	-1	0
1981	11	380.528	0.520784	9645	0.2	0.320784	95.1499	9537	9537	1	61	-0.152666	0	-1	0
1981	12	378.087	0.520784	11263	0.2	0.320784	94.5397	9089	9089	1	154	0.220856	0	-1	0
1981	13	289.133	0.520784	12616	0.2	0.320784	72.2968	9351	9351	1	135	0.252448	0	-1	0
1981	14	191.691	0.520784	13749	0.2	0.320784	47.9317	10225	10225	1	128	0.345547	0	-1	0
1982	1	62408.1	0.2	51	0.2	0	0	0	0	0	-1	-1	0	-1	0
1982	2	39250	0.2	288	0.2	0	0	0	0	0	-1	-1	0	-1	0
1982	3	21592.5	0.2169	767	0.2	0.0169	328.05	1547	1547	0	508	0.312628	0	-1	0
1982	4	16259.6	0.287973	1339	0.2	0.087973	1242.87	2194	2194	0.087	1092	-0.113587	0	-1	0
1982	5	17238.8	0.383255	2026	0.2	0.183255	2624.19	3015	3015	0.211	2804	0.0625341	0	-1	0
1982	6	24569.7	0.504448	2866	0.2	0.304448	5874.47	3183	3183	0.425	4845	-0.186974	0	-1	0
1982	7	13313.9	0.574595	3941	0.2	0.374595	3793.61	5114	5114	0.67	4293	0.118885	0	-1	0
1982	8	3708.89	0.652035	5148	0.2	0.452035	1231.67	6202	6202	0.849	1215	-0.0120321	0	-1	0
1982	9	2565.57	0.62063	6192	0.2	0.42063	804.015	7256	7256	0.941	975	0.162929	0	-1	0
1982	10	1110.75	0.652035	7791	0.2	0.452035	368.865	7922	7922	1	306	-0.125973	0	-1	0
1982	11	390.876	0.570095	9645	0.2	0.370095	110.261	8924	8924	1	59	-0.208378	0	-1	0
1982	12	226.054	0.570095	11263	0.2	0.370095	63.7671	10134	10134	1	35	-0.136132	0	-1	0
1982	13	224.605	0.570095	12616	0.2	0.370095	63.3582	9447	9447	1	48	-0.0704992	0	-1	0
1982	14	171.761	0.570095	13749	0.2	0.370095	48.4515	10535	10535	1	46	-0.0117027	0	-1	0
1983	1	52779.1	0.2	51	0.2	0	0	0	0	0	-1	-1	0	-1	0
1983	2	51095.4	0.2	288	0.2	0	0	0	0	0	-1	-1	0	-1	0
1983	3	32135.2	0.213534	767	0.2	0.0135343	391.628	1530	1530	0	107	-0.790047	0	-1	0
1983	4	17382.2	0.270453	1339	0.2	0.070453	1072.99	2221	2221	0.087	1750	0.446607	0	-1	0
1983	5	12191.2	0.34676	2026	0.2	0.14676	1511.92	3171	3171	0.211	1065	-0.317832	0	-1	0
1983	6	11750.6	0.443816	2866	0.2	0.243816	2313.71	4270	4270	0.425	2455	0.0562189	0	-1	0
1983	7	14836.2	0.499994	3941	0.2	0.299994	3502.49	4107	4107	0.67	4454	0.232683	0	-1	0
1983	8	7494.81	0.562011	5148	0.2	0.362011	2075.6	5984	5984	0.849	2311	0.101429	0	-1	0
1983	9	1932.28	0.536861	6192	0.2	0.336861	503.669	7565	7565	0.941	501	-0.00422372	0	-1	0
1983	10	1379.26	0.562011	7791	0.2	0.362011	381.972	8673	8673	1	251	-0.295806	0	-1	0
1983	11	578.684	0.49639	9645	0.2	0.29639	135.196	8801	8801	1	38	-0.4576	0	-1	0
1983	12	221.029	0.49639	11263	0.2	0.29639	51.6385	9039	9039	1	12	-0.246962	0	-1	0
1983	13	127.827	0.49639	12616	0.2	0.29639	29.8639	11138	11138	1	2	-0.192184	0	-1	0
1983	14	127.008	0.49639	13749	0.2	0.29639	29.6724	9818	9818	1	4	-0.175886	0	-1	0
1984	1	99723.6	0.2	51	0.2	0	0	0	0	0	-1	-1	0	-1	0
1984	2	43211.9	0.2	288	0.2	0	0	0	0	0	-1	-1	0	-1	0
1984	3	41833.4	0.212873	767	0.2	0.012873	485.063	1653	1653	0	53	-1.28669	0	-1	0
1984	4	25956.4	0.267011	1339	0.2	0.0670106	1526.5	2432	2432	0.087	657	-0.756542	0	-1	0
1984	5	13263.2	0.339589	2026	0.2	0.139589	1569.79	3330	3330	0.211	800	-0.612045	0	-1	0
1984	6	8618.86	0.431903	2866	0.2	0.231903	1623.08	4681	4681	0.425	1825	0.110094	0	-1	0
1984	7	7539.01	0.485336	3941	0.2	0.285336	1704.26	5466	5466	0.67	2184	0.234405	0	-1	0
1984	8	8998.65	0.544323	5148	0.2	0.344323	2389.43	4973	4973	0.849	3610	0.397418	0	-1	0
1984	9	4272.5	0.520402	6192	0.2	0.320402	1067.24	7407	7407	0.941	844	-0.209897	0	-1	0
1984	10	1129.57	0.544323	7791	0.2	0.344323	299.937	8179	8179	1	376	0.169499	0	-1	0
1984	11	786.265	0.481908	9645	0.2	0.281908	175.884	8770	8770	1	291	0.336518	0	-1	0
1984	12	352.259	0.481908	11263	0.2	0.281908	78.7987	8831	8831	1	135	0.258337	0	-1	0
1984	13	134.546	0.481908	12616	0.2	0.281908	30.0973	11010	11010	1	185	0.737734	0	-1	0
1984	14	77.8116	0.481908	13749	0.2	0.281908	17.4061	11127	11127	1	226	0.960759	0	-1	0
1985	1	136409	0.2	51	0.2	0	0	0	0	0	-1	-1	0	0.05	0
1985	2	81646.8	0.2	267	0.2	0	0	0	0	0	-1	-1	0.876593	0.61	-0.153224
1985	3	35378.9	0.213665	962	0.2	0.0136646	435.282	1609	1609	0	376	-0.108978	2.12714	0.58	-0.888934
1985	4	33812.2	0.271131	1677	0.2	0.0711313	2106.63	2172	2172	0.089	4014	0.61487	4.4012	2.99	-0.339579
1985	5	19873.9	0.348172	2148	0.2	0.148172	2486.78	3169	3169	0.197	3366	0.288824	3.19853	5.11	0.416616
1985	6	9444.21	0.446164	3127	0.2	0.246164	1875.44	3922	3922	0.38	1958	0.0401695	1.47483	1.74	0.125996
1985	7	5595.99	0.502882	4062	0.2	0.302882	1332.04	4697	4697	0.604	1536	0.129853	0.780095	1.06	0.230435
1985	8	4640.19	0.565497	5145	0.2	0.365497	1295.37	6411	6411	0.792	1172	-0.0899446	0.577736	0.5	-0.0927345
1985	9	5221.32	0.540104	6192	0.2	0.340104	1372.07	6492	6492	0.905	747	-0.533913	0.67877	1.37	0.534283
1985	10	2539.07	0.565497	7791	0.2	0.365497	708.816	8346	8346	1	479	-0.316227	0.377166	0.16	-0.386691
1985	11	655.415	0.499243	9645	0.2	0.299243	154.395	9401	9401	1	74	-0.320382	0	0.08	0
1985	12	485.601	0.499243	11263	0.2	0.299243	114.392	10335	10335	1	23	-0.447608	0	0.08	0
1985	13	217.556	0.499243	12616	0.2	0.299243	51.2493	11027	11027	1	72	0.103585	0	0.07	0
1985	14	83.0961	0.499243	13749	0.2	0.299243	19.5748	10644	10644	1	71	0.281067	0	0.07	0
1986	1	75301.6	0.2	51	0.2	0	0	0	0	0	-1	-1	0	0.02	0
1986	2	111683	0.2	249	0.2	0	0	0	0	0	-1	-1	1.19907	2.33	0.414938
1986	3	66846.7	0.21572	841	0.2	0.0157198	945.205	1450	1450	0	3108	1.08118	4.01747	2.4	-0.443242
1986	4	28572.7	0.28183	1409	0.2	0.0818296	2037.51	2190	2190	0.08	1400	-0.341716	3.71125	2.06	-0.497751
1986	5	25782.3	0.370458	2269	0.2	0.170458	3672.62	2959	2959	0.178	4170	0.121869	4.13099	2.09	-0.581112
1986	6	14030.5	0.483187	3308	0.2	0.283187	3150.95	4402	4402	0.351	2665	-0.158469	2.17487	1.42	-0.331575
1986	7	6045.04	0.548436	4741	0.2	0.348436	1621.29	5488	5488	0.575	1550	-0.0407286	0.835052	0.62	-0.21006
1986	8	3384.37	0.620468	5969	0.2	0.420468	1060.28	6406	6406	0.772	1116	0.0444696	0.416771	0.28	-0.211728
1986	9	2635.99	0.591257	6192	0.2	0.391257	778.616	7570	7570	0.894	628	-0.173902	0.339189	0.19	-0.265795
1986	10	3042.4	0.620468	7791	0.2	0.420468	953.149	6487	6487	1	1549	0.427165	0.446992	0.32	-0.186335
1986	11	1442.39	0.54425	9645	0.2	0.34425	382.931	9616	9616	1	216	-0.363375	0	0.09	0
1986	12	397.83	0.54425	11263	0.2	0.34425	105.618	10462	10462	1	51	-0.225457	0	0.07	0
1986	13	294.755	0.54425	12616	0.2	0.34425	78.2527	11747	11747	1	30	-0.221132	0	0.03	0
1986	14	132.055	0.54425	13749	0.2	0.34425	35.0584	11902	11902	1	14	-0.111241	0	0	0
1987	1	47579.6	0.2	51	0.2	0	0	0	0	0	-1	-1	0	0.1	0
1987	2	61651.8	0.2	188	0.2	0	0	0	0	0	-1	-1	0.661918	0.39	-0.178669
1987	3	91437.9	0.219558	868	0.2	0.0195584	1605.67	1516	1516	0	956	-0.439889	5.49118	11.52	0.696283
1987	4	53875.9	0.301811	1157	0.2	0.101811	4734.79	1715	1715	0.072	5135	0.0776794	6.96991	12.93	0.586608
1987	5	21555.3	0.412082	1726	0.2	0.212082	3746.65	2670	2670	0.162	4428	0.158522	3.42507	6.42	0.567031
1987	6	17800.6	0.552339	3416	0.2	0.352339	4819.06	3839	3839	0.325	5409	0.110716	2.72137	3.95	0.323098
1987	7	8654.23	0.633521	4228	0.2	0.433521	2779.13	5081	5081	0.547	2915	0.0443087	1.17531	3.07	0.826045
1987	8	3493.14	0.723142	5999	0.2	0.523142	1300.86	6185	6185	0.751	1348	0.0305309	0.421422	0.79	0.412708
1987	9	1819.75	0.686797	6192	0.2	0.486797	640.805	7330	7330	0.883	661	0.0231949	0.229727	0.36	0.219878
1987	10	1459.37	0.723142	7791	0.2	0.523142	543.472	8025	8025	1	496	-0.0642145	0.210053	0.26	0.0934214
1987	11	1635.88	0.628312	9645	0.2	0.428312	520.23	7974	7974	1	498	-0.0304996	0	0.33	0
1987	12	836.985	0.628312	11263	0.2	0.428312	266.172	9615	9615	1	58	-0.559265	0	0.05	0
1987	13	230.852	0.628312	12616	0.2	0.428312	73.4138	12246	12246	1	27	-0.17233	0	0.01	0
1987	14	171.039	0.628312	13749	0.2	0.428312	54.3927	11656	11656	1	48	-0.0235914	0	0.03	0
1988	1	31011.9	0.2	51	0.2	0	0	0	0	0	-1	-1	0	0.69	0
1988	2	38954.9	0.2	216	0.2	0	0	0	0	0	-1	-1	0.418235	0.31	-0.079386
1988	3	50476.2	0.217978	779	0.2	0.017978	815.369	1261	1261	0	1318	0.39325	3.03224	0.49	-1.27198
1988	4	73413	0.293585	1433	0.2	0.0935847	5953.68	2017	2017	0.065	5067	-0.154831	9.51308	2.72	-1.13451
1988	5	39840	0.394945	2012	0.2	0.194945	6416.36	2513	2513	0.148	6619	0.0300424	6.35219	2.81	-0.72762
1988	6	14275.4	0.523868	2782	0.2	0.323868	3598.78	3476	3476	0.303	3678	0.0204899	2.1949	1.71	-0.198368
1988	7	10246.1	0.598491	4324	0.2	0.398491	3072.4	4719	4719	0.521	2859	-0.0668447	1.40128	0.95	-0.308235
1988	8	4592.97	0.68087	5359	0.2	0.48087	1601.88	5932	5932	0.731	1775	0.0904027	0.558813	0.4	-0.204471
1988	9	1694.96	0.647462	6192	0.2	0.447462	558.317	7523	7523	0.871	845	0.310891	0.215664	0.07	-0.331952
1988	10	915.671	0.68087	7791	0.2	0.48087	319.356	8439	8439	1	226	-0.187043	0.132916	0.08	-0.130372
1988	11	708.121	0.593703	9645	0.2	0.393703	210.24	8748	8748	1	270	0.127864	0	0.1	0
1988	12	872.726	0.593703	11263	0.2	0.393703	259.111	9559	9559	1	107	-0.374463	0	0.05	0
1988	13	446.524	0.593703	12616	0.2	0.393703	132.572	10824	10824	1	24	-0.358395	0	0.01	0
1988	14	123.157	0.593703	13749	0.2	0.393703	36.5652	14099	14099	1	1	-0.14443	0	0	0
1989	1	43951.9	0.2	51	0.2	0	0	0	0	0	-1	-1	0	0.2	0
1989	2	25390.4	0.2	242	0.2	0	0	0	0	0	-1	-1	0.272602	1.43	0.646828
1989	3	31893.5	0.217085	644	0.2	0.0170854	489.824	1403	1403	0	315	-0.266854	1.91627	3.96	0.612923
1989	4	40590.1	0.288938	1401	0.2	0.0889381	3135.27	2021	2021	0.06	4313	0.298044	5.26467	5.05	-0.0379501
1989	5	54735.7	0.385266	1787	0.2	0.185266	8415.68	2194	2194	0.138	8471	0.00635908	8.74412	6.57	-0.268127
1989	6	26840.9	0.507788	2807	0.2	0.307788	6477.97	3047	3047	0.285	7309	0.116357	4.14018	2.49	-0.43948
1989	7	8454.27	0.578705	3680	0.2	0.378705	2430.84	4505	4505	0.499	1794	-0.270456	1.16081	1.77	0.348558
1989	8	5631.65	0.656994	5060	0.2	0.456994	1886.53	5889	5889	0.714	1928	0.0191631	0.688466	0.91	0.202221
1989	9	2324.85	0.625245	6192	0.2	0.425245	735.048	7172	7172	0.862	848	0.10787	0.297127	0.4	0.158951
1989	10	887.096	0.656994	7791	0.2	0.456994	297.166	8852	8852	1	270	-0.0503016	0.129384	0	-0.35857
1989	11	463.491	0.574155	9645	0.2	0.374155	131.937	10170	10170	1	191	0.141512	0	0.02	0
1989	12	391.08	0.574155	11263	0.2	0.374155	111.324	10392	10392	1	135	0.0623638	0	0	0
1989	13	481.987	0.574155	12616	0.2	0.374155	137.202	12522	12522	1	76	-0.168907	0	0.03	0
1989	14	246.606	0.574155	13749	0.2	0.374155	70.1984	11923	11923	1	10	-0.203594	0	0	0
1990	1	22076.2	0.2	51	0.2	0	0	0	0	0	-1	-1	0	0.01	0
1990	2	35984.7	0.2	257	0.2	0	0	0	0	0	-1	-1	0.386347	0.35	-0.0265674
1990	3	20787.9	0.219475	743	0.2	0.0194753	363.502	1647	1647	0	143	-0.426187	1.24841	1.69	0.225195
1990	4	25669.9	0.301379	1256	0.2	0.101379	2246.83	1983	1983	0.057	1692	-0.248816	3.3212	4.86	0.338401
1990	5	30404.3	0.41118	2136	0.2	0.21118	5264.51	2566	2566	0.131	5471	0.0366181	4.83203	6.37	0.253432
1990	6	37235.1	0.550841	2610	0.2	0.350841	10044.4	3021	3021	0.273	10112	0.00652729	5.69423	12.33	0.728168
1990	7	16153.5	0.631678	4417	0.2	0.431678	5169.6	4077	4077	0.484	6174	0.169389	2.19458	3.3	0.366814
1990	8	4739.66	0.720918	5984	0.2	0.520918	1759.28	5744	5744	0.701	1816	0.0275393	0.57206	1.21	0.549006
1990	9	2919.49	0.684728	6192	0.2	0.484728	1024.64	7038	7038	0.854	1087	0.0469781	0.368712	0.64	0.340527
1990	10	1244.1	0.720918	7791	0.2	0.520918	461.789	7564	7564	1	380	-0.118187	0.179149	0.12	-0.131756
1990	11	459.877	0.626492	9645	0.2	0.426492	145.744	8854	8854	1	151	0.0125051	0	0.06	0
1990	12	261.029	0.626492	11263	0.2	0.426492	82.7252	10645	10645	1	55	-0.0813976	0	0.02	0
1990	13	220.248	0.626492	12616	0.2	0.426492	69.8011	11674	11674	1	76	0.0179767	0	0.01	0
1990	14	271.446	0.626492	13749	0.2	0.426492	86.0265	11431	11431	1	37	-0.147292	0	0.03	0
1991	1	29530.8	0.2	51	0.2	0	0	0	0	0	-1	-1	0	0.01	0
1991	2	18074.5	0.2	340	0.2	0	0	0	0	0	-1	-1	0.194055	0.22	0.0214959
1991	3	29461.8	0.220846	792	0.2	0.0208465	551.085	1224	1224	0	198	-0.557611	1.76883	1.4	-0.177412
1991	4	16691.4	0.308517	1360	0.2	0.108517	1558.54	1939	1939	0.055	874	-0.467359	2.15647	1.72	-0.179493
1991	5	18990.5	0.426049	1866	0.2	0.226049	3495.46	2432	2432	0.127	3613	0.0306983	3.00912	2.22	-0.254733
1991	6	20154	0.575543	2661	0.2	0.375543	5754.69	3160	3160	0.266	6844	0.166071	3.0669	1.13	-0.783117
1991	7	31388.1	0.662072	2937	0.2	0.462072	10607.4	3634	3634	0.475	10772	0.0150077	4.23847	2.5	-0.482971
1991	8	8588.81	0.757595	4726	0.2	0.557595	3357.99	4967	4967	0.694	3223	-0.0378644	1.02906	0.3	-0.795299
1991	9	2304.92	0.718857	6192	0.2	0.518857	852.938	6629	6629	0.85	858	0.00447744	0.289116	0.02	-0.610302
1991	10	1472.09	0.757595	7791	0.2	0.557595	575.545	7704	7704	1	838	0.26894	0.210429	0.03	-0.43616
1991	11	605.012	0.656521	9645	0.2	0.456521	202.504	9061	9061	1	228	0.0520177	0	0	0
1991	12	245.787	0.656521	11263	0.2	0.456521	82.2678	9117	9117	1	40	-0.125917	0	0.01	0
1991	13	139.511	0.656521	12616	0.2	0.456521	46.6957	10922	10922	1	6	-0.135256	0	0	0
1991	14	117.715	0.656521	13749	0.2	0.456521	39.4005	11342	11342	1	5	-0.115882	0	0.01	0
1992	1	26273.4	0.2	51	0.2	0	0	0	0	0	-1	-1	0	0.01	0
1992	2	24177.8	0.2	340	0.2	0	0	0	0	0	-1	-1	0.259582	0.15	-0.0910182
1992	3	14798.1	0.220432	879	0.2	0.0204321	271.352	1269	1269	0	242	-0.0625672	0.888527	0.91	0.0153462
1992	4	23623.7	0.306359	1386	0.2	0.106359	2164.19	1909	1909	0.055	2928	0.278663	3.05341	5.73	0.561469
1992	5	12260.5	0.421556	2008	0.2	0.221556	2216.47	2578	2578	0.127	3844	0.512838	1.94446	5.52	0.901262
1992	6	12402.4	0.568078	2971	0.2	0.368078	3482.67	3288	3288	0.266	4355	0.211933	1.89013	2.79	0.31954
1992	7	11334.6	0.652887	3807	0.2	0.452887	3769.73	4150	4150	0.476	3884	0.0282903	1.53338	2.68	0.485764
1992	8	16189.4	0.746511	4267	0.2	0.546511	6233.98	4865	4865	0.694	4046	-0.414609	1.94403	1.91	-0.0152796
1992	9	4026.37	0.708543	6192	0.2	0.508543	1467	6168	6168	0.85	1290	-0.111359	0.506087	0.28	-0.329163
1992	10	1123.21	0.746511	7791	0.2	0.546511	432.509	7926	7926	1	350	-0.13685	0.160915	0.06	-0.24711
1992	11	690.103	0.647446	9645	0.2	0.447446	227.312	8349	8349	1	196	-0.0738375	0	0.06	0
1992	12	313.791	0.647446	11263	0.2	0.447446	103.359	9029	9029	1	56	-0.16239	0	0.02	0
1992	13	127.478	0.647446	12616	0.2	0.447446	41.9899	11574	11574	1	54	0.0460954	0	0	0
1992	14	72.3575	0.647446	13749	0.2	0.447446	23.8337	9466	9466	1	15	-0.0380782	0	0	0
1993	1	44340.4	0.2	51	0.2	0	0	0	0	0	-1	-1	0	0	0
1993	2	21510.9	0.2	319	0.2	0	0	0	0	0	-1	-1	0.230949	1.27	0.611994
1993	3	19795.1	0.222187	763	0.2	0.0221871	393.826	1381	1381	0	657	0.386483	1.18814	11.04	1.92219
1993	4	11870.6	0.315495	1462	0.2	0.115495	1175.79	2143	2143	0.057	1083	-0.0717724	1.53151	2	0.207513
1993	5	17389.9	0.440587	2061	0.2	0.240587	3383.79	2742	2742	0.131	2841	-0.166047	2.74749	6.8	0.809991
1993	6	8043.17	0.599694	2938	0.2	0.399694	2417.81	3636	3636	0.274	2252	-0.066376	1.21805	2.41	0.526961
1993	7	7027.37	0.691788	3746	0.2	0.491788	2494.46	4398	4398	0.485	2247	-0.0977049	0.943312	2.25	0.718314
1993	8	5900.14	0.793454	4842	0.2	0.593454	2417.05	5421	5421	0.702	2314	-0.0407455	0.701869	1.02	0.275765
1993	9	7674.06	0.752225	6192	0.2	0.552225	2978.44	5319	5319	0.855	3671	0.19917	0.956187	4.02	1.23517
1993	10	1982.43	0.793454	7791	0.2	0.593454	812.122	7006	7006	1	830	0.0181498	0.281356	0.64	0.480517
1993	11	532.421	0.685879	9645	0.2	0.485879	187.209	8070	8070	1	223	0.0970463	0	0.05	0
1993	12	361.187	0.685879	11263	0.2	0.485879	127	10048	10048	1	188	0.190315	0	0	0
1993	13	164.232	0.685879	12616	0.2	0.485879	57.7471	9106	9106	1	81	0.0997251	0	0.02	0
1993	14	66.7198	0.685879	13749	0.2	0.485879	23.4599	11591	11591	1	12	-0.0630842	0	0	0
1994	1	38009.3	0.2	51	0.2	0	0	0	0	0	-1	-1	0	0.04	0
1994	2	36302.8	0.2	227	0.2	0	0	0	0	0	-1	-1	0.389762	0.82	0.269704
1994	3	17611.6	0.225191	853	0.2	0.025191	397.249	1444	1444	0	702	0.443968	1.05645	0.73	-0.235394
1994	4	15851.2	0.331132	1607	0.2	0.131132	1769.5	1836	1836	0.062	2955	0.481341	2.03868	1.89	-0.0603508
1994	5	8658.78	0.473159	2770	0.2	0.273159	1884.39	2649	2649	0.141	1770	-0.0579291	1.35915	1.74	0.186356
1994	6	11193.2	0.653808	3387	0.2	0.453808	3728.72	3512	3512	0.29	2603	-0.343022	1.67684	1.95	0.118214
1994	7	4415.54	0.75837	4720	0.2	0.55837	1728.17	4906	4906	0.505	1377	-0.207231	0.584875	0.53	-0.0640206
1994	8	3518.46	0.873802	6196	0.2	0.673802	1580.78	5539	5539	0.718	1243	-0.217387	0.411878	0.84	0.470878
1994	9	2668.51	0.82699	6192	0.2	0.62699	1138.3	6818	6818	0.864	1263	0.0925248	0.327561	1	0.728278
1994	10	3616.91	0.873801	7791	0.2	0.673801	1625.01	6374	6374	1	2009	0.196035	0.505147	3.62	1.58282
1994	11	896.612	0.751662	9645	0.2	0.551662	347.722	8341	8341	1	454	0.194227	0	0.41	0
1994	12	268.152	0.751662	11263	0.2	0.551662	103.994	9770	9770	1	158	0.19415	0	0.18	0
1994	13	181.911	0.751662	12616	0.2	0.551662	70.5482	10528	10528	1	188	0.43004	0	0	0
1994	14	82.7152	0.751662	13749	0.2	0.551662	32.0785	11257	11257	1	82	0.244639	0	0.04	0
1995	1	25025.2	0.2	51	0.2	0	0	0	0	0	-1	-1	0	0.06	0
1995	2	31119.4	0.2	360	0.2	0	0	0	0	0	-1	-1	0.33411	0.48	0.103778
1995	3	29722.2	0.225774	742	0.2	0.0257736	685.728	1370	1370	0	1573	0.736705	1.78271	1.98	0.082894
1995	4	14060.5	0.334164	1230	0.2	0.134164	1603.59	1977	1977	0.069	1853	0.134489	1.80727	1.12	-0.353638
1995	5	11382.9	0.479476	2324	0.2	0.279476	2527.16	2769	2769	0.157	2661	0.0491584	1.7845	0.51	-0.816196
1995	6	5394.69	0.664302	3642	0.2	0.464302	1830.09	3722	3722	0.317	1807	-0.0118552	0.80648	0.28	-0.515798
1995	7	5821.13	0.771282	4271	0.2	0.571282	2317.86	4621	4621	0.537	2370	0.0210837	0.769069	0.34	-0.513075
1995	8	2068.37	0.889383	6121	0.2	0.689383	944.455	5854	5854	0.743	905	-0.0374474	0.241373	0.1	-0.302644
1995	9	1468.47	0.841489	6192	0.2	0.641489	636.893	6416	6416	0.879	574	-0.0856862	0.179734	0.15	-0.0639839
1995	10	1167.11	0.889383	7791	0.2	0.689383	532.925	7356	7356	1	482	-0.080055	0.162494	0.15	-0.0273868
1995	11	1509.56	0.764419	9645	0.2	0.564419	595.64	6815	6815	1	521	-0.108703	0	0.33	0
1995	12	422.826	0.764419	11263	0.2	0.564419	166.838	8312	8312	1	106	-0.230226	0	0.02	0
1995	13	126.456	0.764419	12616	0.2	0.564419	49.8967	9119	9119	1	35	-0.0869422	0	0	0
1995	14	85.7858	0.764419	13749	0.2	0.564419	33.8492	11910	11910	1	13	-0.136998	0	0	0
1996	1	12841.9	0.2	51	0.2	0	0	0	0	0	-1	-1	0	0.03	0
1996	2	20488.9	0.2	265	0.2	0	0	0	0	0	-1	-1	0.219977	0.13	-0.0766146
1996	3	25478.4	0.222598	899	0.2	0.0225981	516.183	1229	1229	0	1102	0.663455	1.52914	0.51	-0.697662
1996	4	23715.3	0.317635	1327	0.2	0.117635	2390.1	1755	1755	0.081	2608	0.0836929	3.05836	3.76	0.17997
1996	5	10066.4	0.445043	1972	0.2	0.245043	1990.93	2670	2670	0.181	1868	-0.0604093	1.58901	1.12	-0.254265
1996	6	7047.25	0.607098	2740	0.2	0.407098	2150.5	3802	3802	0.355	1649	-0.251339	1.06565	0.99	-0.0495276
1996	7	2776.28	0.700898	5260	0.2	0.500898	999.696	4902	4902	0.579	835	-0.161281	0.371993	0.58	0.269674
1996	8	2691.8	0.804448	5102	0.2	0.604448	1117.81	5681	5681	0.775	1233	0.0899547	0.319509	1	0.741193
1996	9	849.911	0.762454	6192	0.2	0.562454	334.476	7182	7182	0.896	385	0.108579	0.105682	0.05	-0.147637
1996	10	633.012	0.804448	7791	0.2	0.604448	262.866	7734	7734	1	267	0.0111429	0.0896428	0.09	0.000916225
1996	11	479.577	0.69488	9645	0.2	0.49488	171.068	9256	9256	1	210	0.131461	0	0.1	0
1996	12	702.859	0.69488	11263	0.2	0.49488	250.715	8322	8322	1	232	-0.0538838	0	0.25	0
1996	13	196.87	0.69488	12616	0.2	0.49488	70.2248	10501	10501	1	141	0.337563	0	0.03	0
1996	14	58.8784	0.69488	13749	0.2	0.49488	21.0023	11894	11894	1	74	0.348659	0	0	0
1997	1	44905.1	0.2	51	0.2	0	0	0	0	0	-1	-1	0	0.16	0
1997	2	10514.1	0.2	394	0.2	0	0	0	0	0	-1	-1	0.112883	0.32	0.170678
1997	3	16774.9	0.235353	740	0.2	0.0353535	528.43	1325	1325	0	603	0.111021	1.00422	0.9	-0.0718005
1997	4	20393.8	0.344521	1303	0.2	0.144521	2493.23	1936	1936	0.097	2960	0.165119	2.61591	4.72	0.515977
1997	5	17261.7	0.431181	1780	0.2	0.231181	3241.63	2409	2409	0.212	2766	-0.153213	2.73237	3.96	0.321933
1997	6	6450.51	0.513508	2732	0.2	0.313508	1581.6	3906	3906	0.402	1651	0.0402836	0.993847	0.94	-0.0367117
1997	7	3840.26	0.617067	4228	0.2	0.417067	1195.2	5032	5032	0.627	1178	-0.0132992	0.523255	0.4	-0.162186
1997	8	1377.42	0.725658	5749	0.2	0.525658	514.853	6171	6171	0.807	599	0.126979	0.166092	0.16	-0.0131575
1997	9	1204.14	0.770079	6192	0.2	0.570079	478.707	7202	7202	0.913	454	-0.0431246	0.149501	0.1	-0.116673
1997	10	396.5	0.751791	7791	0.2	0.551791	153.797	7883	7883	1	125	-0.117172	0.0567441	0.05	-0.0190856
1997	11	283.168	0.762122	9645	0.2	0.562122	111.389	8856	8856	1	95	-0.0781411	0	0.02	0
1997	12	239.373	0.762122	11263	0.2	0.562122	94.1616	9649	9649	1	114	0.0942108	0	0.02	0
1997	13	350.821	0.762122	12616	0.2	0.562122	138.001	9621	9621	1	77	-0.286803	0	0.02	0
1997	14	98.2645	0.762122	13749	0.2	0.562122	38.654	10877	10877	1	43	0.0294711	0	0	0
1998	1	46208.1	0.2	51	0.2	0	0	0	0	0	-1	-1	0	0.01	0
1998	2	36765.2	0.2	369	0.2	0	0	0	0	0	-1	-1	0.394726	0.11	-0.228338
1998	3	8608.18	0.22879	841	0.2	0.0287901	221.524	1347	1347	0	183	-0.138951	0.515999	1.64	0.744933
1998	4	13257.1	0.317691	1155	0.2	0.117691	1336.68	1972	1972	0.117	1289	-0.0343496	1.70963	2.33	0.247453
1998	5	14450.2	0.388262	1799	0.2	0.188262	2254.51	2943	2943	0.248	1767	-0.234759	2.30707	2.53	0.0764227
1998	6	11215.6	0.455305	2530	0.2	0.255305	2300.17	3419	3419	0.451	1545	-0.382557	1.74825	1.23	-0.262031
1998	7	3859.94	0.539638	3932	0.2	0.339638	1013.15	4850	4850	0.673	1114	0.0886021	0.534145	0.71	0.191299
1998	8	2071.91	0.628069	5374	0.2	0.428069	658.593	5962	5962	0.837	658	-0.000808684	0.25476	0.31	0.0949237
1998	9	666.681	0.664244	6192	0.2	0.464244	226.142	6933	6933	0.928	351	0.346441	0.0845429	0.08	-0.0118842
1998	10	557.487	0.649351	7791	0.2	0.449351	184.255	7781	7781	1	265	0.27074	0.0814348	0.07	-0.030437
1998	11	186.958	0.657764	9645	0.2	0.457764	62.7128	8695	8695	1	120	0.346914	0	0.04	0
1998	12	132.148	0.657764	11263	0.2	0.457764	44.3272	9564	9564	1	81	0.267142	0	0.03	0
1998	13	111.71	0.657764	12616	0.2	0.457764	37.4715	10164	10164	1	85	0.351342	0	0.05	0
1998	14	163.719	0.657764	13749	0.2	0.457764	54.9176	10379	10379	1	85	0.207653	0	0.03	0
1999	1	79665.4	0.2	51	0.2	0	0	0	0	0	-1	-1	0	0.57	0
1999	2	37832	0.2	280	0.2	0	0	0	0	0	-1	-1	0.406179	0.75	0.21874
1999	3	30100.8	0.230116	774	0.2	0.0301157	809.767	1279	1279	0	989	0.182256	1.80385	3.71	0.60288
1999	4	6847.77	0.32311	1465	0.2	0.12311	720.387	2106	2106	0.137	732	0.0142854	0.882129	0.93	0.0340494
1999	5	9648.86	0.396931	2131	0.2	0.196931	1568.36	2752	2752	0.284	1564	-0.00263533	1.53783	1.25	-0.152269
1999	6	9800.65	0.467061	2872	0.2	0.267061	2091.15	3497	3497	0.497	2176	0.0382211	1.5241	1.64	0.0556783
1999	7	7113.55	0.555277	3546	0.2	0.355277	1939.28	3831	3831	0.712	1934	-0.00261129	0.98131	0.57	-0.387145
1999	8	2250.19	0.64778	5522	0.2	0.44778	741.628	5819	5819	0.86	669	-0.091759	0.275591	0.17	-0.202665
1999	9	1105.62	0.68562	6192	0.2	0.48562	388.592	7072	7072	0.939	324	-0.14605	0.139607	0.02	-0.31756
1999	10	343.116	0.670041	7791	0.2	0.470041	117.536	8078	8078	1	140	0.104325	0.0499136	0.02	-0.0893651
1999	11	291.223	0.678842	9645	0.2	0.478842	101.232	8865	8865	1	72	-0.169014	0	0.02	0
1999	12	96.846	0.678842	11263	0.2	0.478842	33.6645	10550	10550	1	25	-0.0746758	0	0	0
1999	13	68.4536	0.678842	12616	0.2	0.478842	23.795	10823	10823	1	28	0.0373327	0	0	0
1999	14	57.8664	0.678842	13749	0.2	0.478842	20.1149	11300	11300	1	22	0.0174865	0	0.02	0
2000	1	93430.9	0.2	51	0.2	0	0	0	0	0	-1	-1	0	0	0
2000	2	65224.5	0.2	335	0.2	0	0	0	0	0	-1	-1	0.700276	0.38	-0.208707
2000	3	30974.2	0.231859	821	0.2	0.0318594	880.77	1367	1367	0	850	-0.0319819	1.85554	2.02	0.0674876
2000	4	23913.3	0.330238	1352	0.2	0.130238	2652.39	1929	1929	0.154	2383	-0.10313	3.07613	2.54	-0.162423
2000	5	4957.06	0.408333	2227	0.2	0.208333	847.866	2751	2751	0.313	896	0.0496982	0.788253	0.61	-0.148927
2000	6	6487.71	0.482524	2712	0.2	0.282524	1454.03	3274	3274	0.532	1511	0.0360785	1.00579	0.84	-0.116649
2000	7	6143.46	0.575847	3614	0.2	0.375847	1755.35	4171	4171	0.74	1612	-0.080558	0.844008	0.53	-0.320867
2000	8	4082.56	0.673706	3871	0.2	0.473706	1407.12	4447	4447	0.877	1806	0.235253	0.497425	0.47	-0.0349974
2000	9	1177.31	0.713737	6192	0.2	0.513737	432.34	6790	6790	0.947	335	-0.203291	0.147826	0.07	-0.190902
2000	10	556.985	0.697256	7791	0.2	0.497256	199.425	8216	8216	1	173	-0.0934372	0.0805857	0.03	-0.142619
2000	11	175.568	0.706567	9645	0.2	0.506567	63.7749	9369	9369	1	57	-0.0431074	0	0.01	0
2000	12	147.71	0.706567	11263	0.2	0.506567	53.6553	9817	9817	1	33	-0.147671	0	0	0
2000	13	49.1207	0.706567	12616	0.2	0.506567	17.843	10932	10932	1	17	-0.00738075	0	0.01	0
2000	14	34.7199	0.706567	13749	0.2	0.506567	12.612	12204	12204	1	7	-0.0526544	0	0.01	0
2001	1	106833	0.2	51	0.2	0	0	0	0	0	-1	-1	0	0	0
2001	2	76494.7	0.2	351	0.2	0	0	0	0	0	-1	-1	0.821278	0.89	0.0370383
2001	3	53401.3	0.226864	767	0.2	0.0268639	1283.48	1280	1280	0	1223	-0.0447966	3.20226	1.9	-0.433475
2001	4	24564.3	0.309816	1517	0.2	0.109816	2319.7	1882	1882	0.165	2619	0.116756	3.1728	2.64	-0.156731
2001	5	17187.8	0.375667	2124	0.2	0.175667	2517.01	2599	2599	0.331	2184	-0.136268	2.75105	1.6	-0.437041
2001	6	3295.24	0.438224	3391	0.2	0.238224	635.599	3697	3697	0.552	591	-0.0628056	0.515409	0.2	-0.371966
2001	7	4004.37	0.516915	4222	0.2	0.316915	990.955	4420	4420	0.755	977	-0.0129091	0.556655	0.23	-0.480158
2001	8	3454.03	0.599429	5128	0.2	0.399429	1037.73	5538	5538	0.885	943	-0.0871688	0.427142	0.4	-0.0380417
2001	9	2081.35	0.633184	6192	0.2	0.433184	667.966	5639	5639	0.951	819	0.180174	0.265585	0.13	-0.274075
2001	10	576.659	0.619287	7791	0.2	0.419287	180.248	7985	7985	1	186	0.0205291	0.0847433	0.07	-0.0390735
2001	11	277.351	0.627137	9645	0.2	0.427137	88.0054	9059	9059	1	94	0.0318798	0	0.04	0
2001	12	86.6139	0.627137	11263	0.2	0.427137	27.4832	9942	9942	1	28	0.00414116	0	0.01	0
2001	13	72.8703	0.627137	12616	0.2	0.427137	23.1223	10632	10632	1	28	0.0397873	0	0	0
2001	14	24.233	0.627137	13749	0.2	0.427137	7.6893	10988	10988	1	13	0.0494604	0	0	0
2002	1	38053.3	0.2	51	0.2	0	0	0	0	0	-1	-1	0	0.02	0
2002	2	87467.5	0.2	226	0.2	0	0	0	0	0	-1	-1	0.939086	1.05	0.0556231
2002	3	62628.6	0.229406	739	0.2	0.0294063	1645.7	1308	1308	0	1187	-0.297148	3.75368	2.23	-0.443482
2002	4	42562.4	0.32021	1264	0.2	0.12021	4378.11	1946	1946	0.169	4190	-0.0425386	5.48607	2.97	-0.54528
2002	5	18019.9	0.392292	2196	0.2	0.192292	2866.22	2569	2569	0.337	3147	0.0893283	2.87467	3.08	0.0590653
2002	6	11805.1	0.46077	3366	0.2	0.26077	2466.65	3266	3266	0.56	2970	0.176639	1.83813	2.15	0.125208
2002	7	2126.03	0.546908	4589	0.2	0.346908	568.097	4872	4872	0.76	519	-0.0719994	0.293776	0.42	0.192749
2002	8	2388.04	0.637232	5382	0.2	0.437232	772.152	5365	5365	0.888	820	0.0512003	0.293092	0.49	0.286683
2002	9	1896.69	0.674181	6192	0.2	0.474181	654.242	6830	6830	0.952	570	-0.112324	0.240045	0.32	0.138067
2002	10	1104.99	0.658969	7791	0.2	0.458969	371.43	7067	7067	1	309	-0.130553	0.161101	0.22	0.120212
2002	11	310.432	0.667562	9645	0.2	0.467562	105.896	9240	9240	1	101	-0.0202244	0	0.02	0
2002	12	148.138	0.667562	11263	0.2	0.467562	50.5338	9659	9659	1	27	-0.132834	0	0.03	0
2002	13	46.2621	0.667562	12616	0.2	0.467562	15.7812	10088	10088	1	15	-0.005071	0	0	0
2002	14	38.9214	0.667562	13749	0.2	0.467562	13.2771	11632	11632	1	11	-0.0151005	0	0	0
2003	1	107728	0.2	51	0.2	0	0	0	0	0	-1	-1	0	0.01	0
2003	2	31155.4	0.2	260	0.2	0	0	0	0	0	-1	-1	0.334497	0.05	-0.239764
2003	3	71612.3	0.228903	603	0.2	0.0289033	1850.02	1310	1310	0	2284	0.193418	4.29255	9.62	0.747451
2003	4	49790.1	0.318153	1183	0.2	0.118153	5038.86	1908	1908	0.168	4363	-0.138585	6.42032	5.06	-0.218863
2003	5	30900.2	0.389002	1888	0.2	0.189002	4838.3	2545	2545	0.335	6031	0.213089	4.93266	2.94	-0.456958
2003	6	12172.6	0.456309	2678	0.2	0.256309	2505.08	3336	3336	0.557	2472	-0.0123801	1.89704	1.34	-0.264469
2003	7	7446.64	0.540974	3675	0.2	0.340974	1961.07	4069	4069	0.759	1942	-0.00893041	1.0302	0.77	-0.217673
2003	8	1230.41	0.629752	5303	0.2	0.429752	392.349	5792	5792	0.887	285	-0.206221	0.151239	0.21	0.122414
2003	9	1262.68	0.666069	6192	0.2	0.466069	429.644	7156	7156	0.952	438	0.0135317	0.160065	0.05	-0.273434
2003	10	966.505	0.651117	7791	0.2	0.451117	320.442	8131	8131	1	289	-0.064395	0.141132	0.1	-0.0978797
2003	11	571.704	0.659564	9645	0.2	0.459564	192.37	8051	8051	1	196	0.00960455	0	0.02	0
2003	12	159.238	0.659564	11263	0.2	0.459564	53.5815	10186	10186	1	28	-0.114067	0	0.03	0
2003	13	75.9886	0.659564	12616	0.2	0.459564	25.5691	10948	10948	1	29	0.0162601	0	0	0
2003	14	23.7305	0.659564	13749	0.2	0.459564	7.98498	11780	11780	1	15	0.0359392	0	0	0
2004	1	62205.9	0.2	51	0.2	0	0	0	0	0	-1	-1	0	0.01	0
2004	2	88200.3	0.2	294	0.2	0	0	0	0	0	-1	-1	0.946954	0.91	-0.0191627
2004	3	25507.9	0.245822	822	0.2	0.0458224	1036.25	1467	1467	0	952	-0.0679175	1.52382	1.38	-0.0737137
2004	4	56960.8	0.405317	1219	0.2	0.205317	9615.18	1847	1847	0.163	7841	-0.198328	7.21803	9.39	0.247964
2004	5	36221.8	0.462309	1808	0.2	0.262309	7607.72	2181	2181	0.328	7195	-0.0539759	5.69802	6.04	0.0537077
2004	6	20942.1	0.47946	2690	0.2	0.27946	4649.18	2918	2918	0.549	5363	0.136098	3.24864	4.35	0.257585
2004	7	7712.77	0.467848	4074	0.2	0.267848	1649.91	4017	4017	0.753	1563	-0.0469041	1.08274	1.48	0.252546
2004	8	4335.29	0.463758	5440	0.2	0.263758	914.966	5135	5135	0.884	1057	0.115336	0.55087	0.81	0.265856
2004	9	655.469	0.496463	6192	0.2	0.296463	153.168	7125	7125	0.95	211	0.135026	0.0859577	0.17	0.197005
2004	10	648.671	0.565124	7791	0.2	0.365124	180.931	7732	7732	1	224	0.0959231	0.0963641	0.16	0.148893
2004	11	503.996	0.631456	9645	0.2	0.431456	161.227	8420	8420	1	157	-0.0104108	0	0.12	0
2004	12	295.615	0.631456	11263	0.2	0.431456	94.5661	8927	8927	1	74	-0.0621245	0	0.06	0
2004	13	82.3385	0.631456	12616	0.2	0.431456	26.3398	10420	10420	1	39	0.0452972	0	0.02	0
2004	14	39.292	0.631456	13749	0.2	0.431456	12.5694	10622	10622	1	11	-0.00606738	0	0	0
2005	1	28075.5	0.2	51	0.2	0	0	0	0	0	-1	-1	0	0	0
2005	2	50929.9	0.2	316	0.2	0	0	0	0	0	-1	-1	0.546804	0.26	-0.205079
2005	3	72212.3	0.250138	671	0.2	0.0501377	3203.25	1287	1287	0	2607	-0.189222	4.31017	4.32	0.00204134
2005	4	19948.7	0.424653	1376	0.2	0.224653	3651.52	1888	1888	0.157	3089	-0.155466	2.51813	2.39	-0.0433817
2005	5	37979.5	0.487011	1833	0.2	0.287011	8629.36	2307	2307	0.318	7333	-0.157718	5.94507	7.42	0.206076
2005	6	22813.5	0.505778	2341	0.2	0.305778	5475.06	2619	2619	0.538	6876	0.218714	3.52038	4.66	0.24956
2005	7	12965.6	0.493073	3469	0.2	0.293073	2999.78	3516	3516	0.744	3592	0.167154	1.81099	2.31	0.212194
2005	8	4830.88	0.488597	5518	0.2	0.288597	1102.89	5080	5080	0.879	978	-0.0964578	0.610801	0.86	0.241851
2005	9	2726.53	0.524382	6192	0.2	0.324382	688.279	6060	6060	0.948	642	-0.0502887	0.355565	0.44	0.121153
2005	10	398.971	0.59951	7791	0.2	0.39951	119.887	8052	8052	1	119	-0.00236598	0.0588634	0.12	0.157313
2005	11	368.633	0.672088	9645	0.2	0.472088	126.712	8292	8292	1	149	0.0567018	0	0.05	0
2005	12	268.034	0.672088	11263	0.2	0.472088	92.1327	8342	8342	1	89	-0.00905717	0	0.08	0
2005	13	157.213	0.672088	12616	0.2	0.472088	54.0397	8567	8567	1	46	-0.0263318	0	0.03	0
2005	14	43.789	0.672088	13749	0.2	0.472088	15.0518	10256	10256	1	12	-0.0113517	0	0	0
2006	1	40413.6	0.2	51	0.2	0	0	0	0	0	-1	-1	0	0.01	0
2006	2	22986.3	0.2	290	0.2	0	0	0	0	0	-1	-1	0.24679	0	-0.220572
2006	3	41697.9	0.253645	650	0.2	0.0536449	1975.73	1164	1164	0	1380	-0.306832	2.4871	2.18	-0.108485
2006	4	56231.2	0.440368	1170	0.2	0.240368	10932.8	1722	1722	0.152	10051	-0.0819178	7.07581	6.69	-0.0522685
2006	5	13046.4	0.507088	2035	0.2	0.307088	3142.56	2369	2369	0.309	2616	-0.167118	2.03402	1.98	-0.0215472
2006	6	23336.9	0.527167	2537	0.2	0.327167	5934.12	2808	2808	0.527	5840	-0.0152648	3.58577	8.91	0.834264
2006	7	13757.4	0.513573	3120	0.2	0.313573	3373.78	3235	3235	0.736	4514	0.271676	1.91372	3.52	0.545576
2006	8	7918.7	0.508784	4088	0.2	0.308784	1916.47	4361	4361	0.874	1989	0.0325036	0.99718	1.21	0.151917
2006	9	2963.68	0.547073	6192	0.2	0.347073	792.244	6007	6007	0.946	667	-0.124347	0.384741	0.29	-0.148917
2006	10	1613.89	0.627456	7791	0.2	0.427456	512.409	7166	7166	1	485	-0.0352516	0.236784	0.25	0.0243234
2006	11	219.067	0.705111	9645	0.2	0.505111	79.3982	8459	8459	1	118	0.102321	0	0.03	0
2006	12	188.239	0.705111	11263	0.2	0.505111	68.225	9324	9324	1	112	0.11877	0	0.04	0
2006	13	136.869	0.705111	12616	0.2	0.505111	49.6065	9902	9902	1	86	0.10507	0	0.04	0
2006	14	80.2794	0.705111	13749	0.2	0.505111	29.0963	9636	9636	1	31	0.00616208	0	0	0
2007	1	61023.5	0.2	51	0.2	0	0	0	0	0	-1	-1	0	0	0
2007	2	33087.9	0.2	286	0.2	0	0	0	0	0	-1	-1	0.355245	0.06	-0.245713
2007	3	18819.6	0.249339	601	0.2	0.0493389	821.828	1140	1140	0	1244	0.331904	1.12347	0.31	-0.695289
2007	4	32356.2	0.421074	1155	0.2	0.221074	5838	1578	1578	0.146	6552	0.110886	4.08725	1.73	-0.72128
2007	5	36201.6	0.482439	1755	0.2	0.282439	8111.4	2122	2122	0.3	8751	0.0737038	5.67196	3.22	-0.506293
2007	6	7857.15	0.500906	2480	0.2	0.300906	1859.76	2719	2719	0.517	2124	0.117965	1.21363	0.81	-0.268585
2007	7	13775.2	0.488404	3250	0.2	0.288404	3143.04	3495	3495	0.728	2935	-0.0632613	1.92586	1.62	-0.14782
2007	8	8231.78	0.483999	3590	0.2	0.283999	1853.29	4114	4114	0.87	1817	-0.0173971	1.04176	0.7	-0.293981
2007	9	4760.93	0.519214	6192	0.2	0.319214	1185.48	5402	5402	0.943	964	-0.16749	0.62151	0.29	-0.445891
2007	10	1714.91	0.593145	7791	0.2	0.393145	508.559	6995	6995	1	395	-0.162006	0.253336	0.16	-0.18474
2007	11	861.736	0.664567	9645	0.2	0.464567	292.467	7792	7792	1	190	-0.209048	0	0.11	0
2007	12	108.231	0.664567	11263	0.2	0.464567	36.7328	9331	9331	1	43	0.0215691	0	0.08	0
2007	13	93.0002	0.664567	12616	0.2	0.464567	31.5636	9970	9970	1	36	0.0155946	0	0.02	0
2007	14	67.6206	0.664567	13749	0.2	0.464567	22.9499	10738	10738	1	20	-0.0108381	0	0	0
2008	1	61093.9	0.2	51	0.2	0	0	0	0	0	-1	-1	0	0.01	0
2008	2	49961.9	0.2	275	0.2	0	0	0	0	0	-1	-1	0.536411	0.08	-0.352488
2008	3	27090.1	0.256564	692	0.2	0.0565636	1351.53	1306	1306	0	1432	0.049543	1.61486	2.25	0.262612
2008	4	14666.4	0.453446	1206	0.2	0.253446	2988.54	1805	1805	0.141	3602	0.17432	1.84071	1.79	-0.0219035
2008	5	21236.7	0.523796	1795	0.2	0.323796	5352.68	2295	2295	0.291	5874	0.0892317	3.29989	2.85	-0.126013
2008	6	22346.4	0.544967	2322	0.2	0.344967	5943.04	2749	2749	0.506	6706	0.116483	3.42138	4.01	0.139855
2008	7	4761.29	0.530634	3585	0.2	0.330634	1221.6	3515	3515	0.719	1155	-0.0468751	0.660063	0.61	-0.0535539
2008	8	8452.52	0.525585	4516	0.2	0.325585	2140.47	4530	4530	0.865	1894	-0.109647	1.06083	0.78	-0.231136
2008	9	5073.36	0.565957	6192	0.2	0.365957	1417.78	5132	5132	0.941	1248	-0.108545	0.656133	0.34	-0.401429
2008	10	2832.69	0.650713	7791	0.2	0.450713	938.5	6394	6394	1	803	-0.122937	0.413672	0.15	-0.461176
2008	11	947.635	0.732594	9645	0.2	0.532594	357.787	7694	7694	1	262	-0.176954	0	0.09	0
2008	12	443.36	0.732594	11263	0.2	0.532594	167.394	9170	9170	1	176	0.0212748	0	0.13	0
2008	13	55.6844	0.732594	12616	0.2	0.532594	21.0241	9594	9594	1	87	0.23103	0	0.04	0
2008	14	47.8482	0.732594	13749	0.2	0.532594	18.0655	11258	11258	1	44	0.0983671	0	0.02	0
2009	1	74217.6	0.2	51	0.2	0	0	0	0	0	-1	-1	0	0.01	0
2009	2	50019.4	0.2	275	0.2	0	0	0	0	0	-1	-1	0.537029	0.21	-0.239231
2009	3	40905.3	0.252628	689	0.2	0.0526279	1902.36	1412	1412	0	2820	0.363152	2.44032	2.43	-0.00351616
2009	4	20959.7	0.435811	1427	0.2	0.235811	4006.33	1862	1862	0.136	5166	0.243833	2.63985	1.8	-0.311267
2009	5	9319.54	0.501266	2042	0.2	0.301266	2208.18	2561	2561	0.282	2084	-0.0530916	1.45467	0.68	-0.504706
2009	6	12577.8	0.520965	2563	0.2	0.320965	3146.57	3023	3023	0.495	2734	-0.131846	1.93501	0.91	-0.546361
2009	7	12957.8	0.507629	3255	0.2	0.307629	3125.95	3676	3676	0.71	2883	-0.0760081	1.80464	0.84	-0.613115
2009	8	2800.74	0.502931	4956	0.2	0.302931	666.767	4596	4596	0.859	777	0.120582	0.353103	0.12	-0.44148
2009	9	4997.21	0.540494	6192	0.2	0.340494	1314.45	5651	5651	0.939	1101	-0.152636	0.649584	0.26	-0.528087
2009	10	2880.74	0.619353	7791	0.2	0.419353	900.558	6074	6074	1	847	-0.0501975	0.423335	0.15	-0.474626
2009	11	1477.74	0.695536	9645	0.2	0.495536	527.666	7356	7356	1	555	0.0372071	0	0.03	0
2009	12	455.491	0.695536	11263	0.2	0.495536	162.645	8608	8608	1	203	0.107367	0	0.04	0
2009	13	213.106	0.695536	12616	0.2	0.495536	76.0949	9812	9812	1	134	0.194633	0	0	0
2009	14	26.7653	0.695536	13749	0.2	0.495536	9.55724	10639	10639	1	36	0.122472	0	0.02	0
2010	1	66576.7	0.2	51	0.2	0	0	0	0	0	-1	-1	0	0	0
2010	2	60764.2	0.2	275	0.2	0	0	0	0	0	-1	-1	0.652389	0.07	-0.434564
2010	3	40952.4	0.246559	777	0.2	0.046559	1689.83	1287	1287	0	2146	0.21851	2.4461	1.23	-0.532361
2010	4	31773.5	0.408618	1307	0.2	0.208618	5441.31	1787	1787	0.13	6284	0.13973	4.02366	4.99	0.193608
2010	5	13555.5	0.466525	2183	0.2	0.266525	2887.22	2579	2579	0.272	3058	0.0542174	2.1306	2.49	0.128061
2010	6	5645.43	0.483952	2921	0.2	0.283952	1270.82	3469	3469	0.483	997	-0.209478	0.874964	0.63	-0.19621
2010	7	7470.56	0.472154	3705	0.2	0.272154	1620.57	4135	4135	0.7	1644	0.0129424	1.04784	0.6	-0.403861
2010	8	7799.58	0.467998	4645	0.2	0.267998	1669.3	4850	4850	0.853	1571	-0.0546795	0.990224	0.48	-0.503278
2010	9	1693.76	0.501229	6192	0.2	0.301229	401.278	5558	5558	0.936	514	0.1778	0.221907	0.07	-0.343987
2010	10	2910.68	0.570994	7791	0.2	0.370994	822.726	6289	6289	1	656	-0.182245	0.431892	0.13	-0.531848
2010	11	1550.68	0.638392	9645	0.2	0.438392	502.47	6750	6750	1	522	0.0282964	0	0.07	0
2010	12	737.108	0.638392	11263	0.2	0.438392	238.846	7997	7997	1	231	-0.019002	0	0.07	0
2010	13	227.202	0.638392	12616	0.2	0.438392	73.6207	9429	9429	1	114	0.148826	0	0.07	0
2010	14	106.299	0.638392	13749	0.2	0.438392	34.4441	10481	10481	1	64	0.130253	0	0.02	0
2011	1	58425.3	0.2	51	0.2	0	0	0	0	0	-1	-1	0	0	0
2011	2	54508.4	0.2	286	0.2	0	0	0	0	0	-1	-1	0.585224	0.15	-0.320964
2011	3	49749.5	0.24216	609	0.2	0.0421602	1862.81	1175	1175	0	2004	0.0673205	2.97417	3.83	0.220213
2011	4	32003.7	0.388908	1211	0.2	0.188908	5008.8	1801	1801	0.124	4850	-0.0311761	4.06882	4.2	0.0283072
2011	5	21115.6	0.441344	2200	0.2	0.241344	4120.25	2526	2526	0.261	4006	-0.0270238	3.33563	3.06	-0.0745743
2011	6	8501.7	0.457124	3077	0.2	0.257124	1754.53	3680	3680	0.469	1502	-0.141075	1.32473	1.15	-0.100659
2011	7	3479.52	0.446441	3855	0.2	0.246441	691.656	4613	4613	0.688	677	-0.0172614	0.490561	0.41	-0.107478
2011	8	4659.07	0.442677	4788	0.2	0.242677	913.572	5367	5367	0.847	1065	0.131405	0.594513	0.39	-0.259588
2011	9	4884.52	0.472769	5693	0.2	0.272769	1061.68	5685	5685	0.932	1145	0.0657297	0.643595	0.44	-0.243047
2011	10	1026.06	0.535943	7115	0.2	0.335943	266.836	6466	6466	1	323	0.12234	0.15332	0.17	0.0361354
2011	11	1644.43	0.596973	8003	0.2	0.396973	491.557	6851	6851	1	433	-0.0934581	0	0.1	0
2011	12	818.978	0.596973	10768	0.2	0.396973	244.812	7039	7039	1	244	-0.00198372	0	0.09	0
2011	13	389.297	0.596973	9843	0.2	0.396973	116.37	8268	8268	1	150	0.113001	0	0.06	0
2011	14	119.995	0.596973	11568	0.2	0.396973	35.8692	8958	8958	1	75	0.178196	0	0.05	0
2012	1	30618.6	0.2	51	0.2	0	0	0	0	0	-1	-1	0	0.02	0
2012	2	47834.6	0.2	286	0.2	0	0	0	0	0	-1	-1	0.513572	0.02	-0.39467
2012	3	44627.7	0.240178	699	0.2	0.040178	1593.98	1160	1160	0	1183	-0.266864	2.66903	1.75	-0.342495
2012	4	39049.9	0.380026	1063	0.2	0.180026	5848.5	1668	1668	0.118	4816	-0.188527	4.97347	12.04	0.82901
2012	5	21692	0.429997	1718	0.2	0.229997	4055	2369	2369	0.25	3514	-0.137345	3.43447	6.86	0.626283
2012	6	13581	0.445036	2731	0.2	0.245036	2685.96	3347	3347	0.455	2417	-0.0992509	2.12131	2.75	0.214981
2012	7	5382.44	0.434855	4173	0.2	0.234855	1025.1	4430	4430	0.676	903	-0.108671	0.760605	0.62	-0.142221
2012	8	2226.55	0.431268	5469	0.2	0.231268	418.273	5486	5486	0.839	432	0.0234342	0.284764	0.17	-0.218476
2012	9	2992.59	0.459944	6779	0.2	0.259944	623.553	6161	6161	0.929	883	0.285808	0.395323	0.38	-0.022283
2012	10	3044.4	0.520148	7451	0.2	0.320148	759.956	6448	6448	1	1015	0.244542	0.456351	0.5	0.0561066
2012	11	600.365	0.578309	9549	0.2	0.378309	172.472	7220	7220	1	354	0.434968	0	0.13	0
2012	12	905.216	0.578309	9801	0.2	0.378309	260.05	8054	8054	1	277	0.0394996	0	0.12	0
2012	13	450.827	0.578309	11115	0.2	0.378309	129.513	8147	8147	1	173	0.139645	0	0.06	0
2012	14	214.298	0.578309	13761	0.2	0.378309	61.5634	8901	8901	1	99	0.15569	0	0.08	0
2013	1	39250.4	0.2	25	0.2	0	0	0	0	0	-1	-1	0	0.01	0
2013	2	25068.4	0.2	290	0.2	0	0	0	0	0	-1	-1	0.269144	0.12	-0.125014
2013	3	39163.7	0.243567	470	0.2	0.0435673	1514.35	1056	1056	0	1163	-0.229354	2.34066	4.27	0.518311
2013	4	35099.1	0.395213	1108	0.2	0.195213	5659.9	1675	1675	0.112	5538	-0.0210222	4.45674	7.43	0.469906
2013	5	26704	0.449399	1904	0.2	0.249399	5364.57	2219	2219	0.239	6366	0.165486	4.21164	6.78	0.435094
2013	6	14110.9	0.465706	3073	0.2	0.265706	2997.42	3244	3244	0.44	2963	-0.0108232	2.19499	4.65	0.647603
2013	7	8702.71	0.454667	3911	0.2	0.254667	1780.87	4529	4529	0.662	1610	-0.0902093	1.22494	2.57	0.63236
2013	8	3484.37	0.450777	4890	0.2	0.250777	703.394	5628	5628	0.83	664	-0.044588	0.443898	1.12	0.646509
2013	9	1446.56	0.481873	6331	0.2	0.281873	323.553	6397	6397	0.924	375	0.0937386	0.190255	0.3	0.202005
2013	10	1889.28	0.547156	7675	0.2	0.347156	505.139	7055	7055	1	537	0.0441961	0.281674	0.44	0.240739
2013	11	1809.69	0.610223	8897	0.2	0.410223	555.69	7378	7378	1	460	-0.1354	0	0.36	0
2013	12	336.712	0.610223	11662	0.2	0.410223	103.392	7955	7955	1	124	0.0657256	0	0.26	0
2013	13	507.687	0.610223	11210	0.2	0.410223	155.892	8400	8400	1	118	-0.112591	0	0.13	0
2013	14	252.845	0.610223	12628	0.2	0.410223	77.6396	8870	8870	1	78	0.0012976	0	0.01	0
2014	1	47573.8	0.2	111	0.2	0	0	0	0	0	-1	-1	0	0.01	0
2014	2	32135.5	0.2	213	0.2	0	0	0	0	0	-1	-1	0.34502	0.03	-0.26685
2014	3	20524.3	0.233529	667	0.2	0.0335287	613.706	1211	1211	0	668	0.0685566	1.22912	0.39	-0.664145
2014	4	30697.5	0.350233	1066	0.2	0.150233	3890.75	1575	1575	0.106	3499	-0.10194	3.93306	3.84	-0.021216
2014	5	23640.6	0.391934	1844	0.2	0.191934	3753.86	2229	2229	0.228	4867	0.250787	3.77158	3.78	0.00196869
2014	6	17037.5	0.404483	2764	0.2	0.204483	2865.41	2983	2983	0.424	2805	-0.0202289	2.68288	2.04	-0.225621
2014	7	8857.29	0.395987	3777	0.2	0.195987	1433.43	4378	4378	0.648	1276	-0.104619	1.26141	0.86	-0.29717
2014	8	5523.26	0.392994	5314	0.2	0.192994	881.441	5598	5598	0.821	725	-0.164244	0.711824	0.42	-0.340259
2014	9	2220.01	0.416925	7491	0.2	0.216925	393.796	6773	6773	0.92	347	-0.0897398	0.295798	0.15	-0.280654
2014	10	893.43	0.467165	9303	0.2	0.267165	190.695	8023	8023	1	241	0.13719	0.135351	0.11	-0.0599945
2014	11	1093.12	0.515701	9420	0.2	0.315701	269.627	7875	7875	1	312	0.0958909	0	0.18	0
2014	12	983.076	0.515701	8376	0.2	0.315701	242.483	8646	8646	1	199	-0.116976	0	0.18	0
2014	13	182.912	0.515701	9448	0.2	0.315701	45.1166	9179	9179	1	128	0.351882	0	0.07	0
2014	14	275.791	0.515701	14596	0.2	0.315701	68.0259	9749	9749	1	74	0.0268609	0	0.09	0
2015	1	48817.2	0.2	37	0.2	0	0	-1	-1	0	-1	-1	0	0.06	0
2015	2	38950.1	0.2	260	0.2	0	0	-1	-1	0	-1	-1	0.418184	0.04	-0.310156
2015	3	26310.4	0.243196	641	0.2	0.0431958	1008.86	1142	1142	0	-1	-1	1.57258	1.07	-0.27772
2015	4	16249.8	0.393548	1247	0.2	0.193548	2600.03	1726	1726	0.1	-1	-1	2.06401	1.9	-0.0661043
2015	5	21627.1	0.447273	1798	0.2	0.247273	4311.87	2217	2217	0.217	-1	-1	3.41239	3.16	-0.066685
2015	6	15975.1	0.463441	2847	0.2	0.263441	3367.99	3071	3071	0.409	-1	-1	2.48609	1.72	-0.296458
2015	7	11369.5	0.452495	4161	0.2	0.252495	2309.05	4030	4030	0.633	-1	-1	1.60099	0.81	-0.538013
2015	8	5961.09	0.448639	5696	0.2	0.248639	1194.29	5532	5532	0.812	-1	-1	0.759749	0.72	-0.0382292
2015	9	3728.38	0.479469	7297	0.2	0.279469	827.734	6846	6846	0.915	-1	-1	0.490601	0.68	0.214759
2015	10	1463.14	0.544195	9630	0.2	0.344195	388.388	7175	7175	1	-1	-1	0.21827	0.45	0.369576
2015	11	559.981	0.606724	9605	0.2	0.406724	170.752	7491	7491	1	-1	-1	0	0.26	0
2015	12	652.684	0.606724	10908	0.2	0.406724	199.02	8218	8218	1	-1	-1	0	0.23	0
2015	13	586.977	0.606724	12732	0.2	0.406724	178.984	8575	8575	1	-1	-1	0	0.21	0
2015	14	109.213	0.606724	11185	0.2	0.406724	33.3019	9173	9173	1	-1	-1	0	0.15	0
2016	1	48957.3	0.2	37	0.2	0	0	-1	-1	0	-1	-1	0	-1	0
2016	2	39968.1	0.2	260	0.2	0	0	-1	-1	0	-1	-1	0	-1	0
2016	3	31889.6	0.243533	641	0.2	0.0435334	1232.15	1142	1142	0	-1	-1	0	-1	0
2016	4	20630.4	0.395061	1247	0.2	0.195061	3324.39	1726	1726	0.1	-1	-1	0	-1	0
2016	5	10963	0.449205	1798	0.2	0.249205	2200.85	2217	2217	0.217	-1	-1	0	-1	0
2016	6	13827.7	0.465499	2847	0.2	0.265499	2935.26	3071	3071	0.409	-1	-1	0	-1	0
2016	7	10050.2	0.454468	4161	0.2	0.254468	2055.19	4030	4030	0.633	-1	-1	0	-1	0
2016	8	7231.43	0.450582	5696	0.2	0.250582	1458.81	5532	5532	0.812	-1	-1	0	-1	0
2016	9	3806.14	0.481653	7297	0.2	0.281653	850.745	6846	6846	0.915	-1	-1	0	-1	0
2016	10	2308.28	0.546885	9630	0.2	0.346885	616.763	7175	7175	1	-1	-1	0	-1	0
2016	11	849.073	0.609903	9605	0.2	0.409903	260.554	7491	7491	1	-1	-1	0	-1	0
2016	12	305.264	0.609903	10908	0.2	0.409903	93.6761	8218	8218	1	-1	-1	0	-1	0
2016	13	355.8	0.609903	12732	0.2	0.409903	109.184	8575	8575	1	-1	-1	0	-1	0
2016	14	319.981	0.609903	11185	0.2	0.409903	98.1922	9173	9173	1	-1	-1	0	-1	0
2017	1	48957.3	0.2	37	0.2	0	0	-1	-1	0	-1	-1	0	-1	0
2017	2	40082.9	0.2	260	0.2	0	0	-1	-1	0	-1	-1	0	-1	0
2017	3	32723.1	0.243166	641	0.2	0.0431664	1253.91	1142	1142	0	-1	-1	0	-1	0
2017	4	24996.8	0.393417	1247	0.2	0.193417	3997.11	1726	1726	0.1	-1	-1	0	-1	0
2017	5	13897.5	0.447104	1798	0.2	0.247104	2769.11	2217	2217	0.217	-1	-1	0	-1	0
2017	6	6995.91	0.463261	2847	0.2	0.263261	1474.05	3071	3071	0.409	-1	-1	0	-1	0
2017	7	8681.35	0.452323	4161	0.2	0.252323	1762.06	4030	4030	0.633	-1	-1	0	-1	0
2017	8	6379.7	0.44847	5696	0.2	0.24847	1277.39	5532	5532	0.812	-1	-1	0	-1	0
2017	9	4608.28	0.479279	7297	0.2	0.279279	1022.47	6846	6846	0.915	-1	-1	0	-1	0
2017	10	2351.28	0.543961	9630	0.2	0.343961	623.786	7175	7175	1	-1	-1	0	-1	0
2017	11	1335.92	0.606448	9605	0.2	0.406448	407.128	7491	7491	1	-1	-1	0	-1	0
2017	12	461.39	0.606448	10908	0.2	0.406448	140.611	8218	8218	1	-1	-1	0	-1	0
2017	13	165.882	0.606448	12732	0.2	0.406448	50.5533	8575	8575	1	-1	-1	0	-1	0
2017	14	193.343	0.606448	11185	0.2	0.406448	58.9223	9173	9173	1	-1	-1	0	-1	0
2018	1	48957.3	0.2	37	0.2	0	0	-1	-1	0	-1	-1	0	-1	0
2018	2	40082.9	0.2	260	0.2	0	0	-1	-1	0	-1	-1	0	-1	0
2018	3	32817.1	0.242058	641	0.2	0.0420582	1225.88	1142	1142	0	-1	-1	0	-1	0
2018	4	25659.5	0.388451	1247	0.2	0.188451	4007.04	1726	1726	0.1	-1	-1	0	-1	0
2018	5	16866.5	0.44076	1798	0.2	0.24076	3284.06	2217	2217	0.217	-1	-1	0	-1	0
2018	6	8887.11	0.456503	2847	0.2	0.256503	1830.16	3071	3071	0.409	-1	-1	0	-1	0
2018	7	4402.02	0.445845	4161	0.2	0.245845	873.154	4030	4030	0.633	-1	-1	0	-1	0
2018	8	5522.63	0.442091	5696	0.2	0.242091	1080.58	5532	5532	0.812	-1	-1	0	-1	0
2018	9	4074.11	0.472109	7297	0.2	0.272109	883.658	6846	6846	0.915	-1	-1	0	-1	0
2018	10	2853.59	0.53513	9630	0.2	0.33513	740.58	7175	7175	1	-1	-1	0	-1	0
2018	11	1364.79	0.596013	9605	0.2	0.396013	407.157	7491	7491	1	-1	-1	0	-1	0
2018	12	728.456	0.596013	10908	0.2	0.396013	217.32	8218	8218	1	-1	-1	0	-1	0
2018	13	251.589	0.596013	12732	0.2	0.396013	75.0563	8575	8575	1	-1	-1	0	-1	0
2018	14	90.4528	0.596013	11185	0.2	0.396013	26.9847	9173	9173	1	-1	-1	0	-1	0
2019	1	48957.3	0.2	37	0.2	0	0	-1	-1	0	-1	-1	0	-1	0
2019	2	40082.9	0.2	260	0.2	0	0	-1	-1	0	-1	-1	0	-1	0
2019	3	32817.1	0.241026	641	0.2	0.0410259	1196.38	1142	1142	0	-1	-1	0	-1	0
2019	4	25761.7	0.383826	1247	0.2	0.183826	3932.76	1726	1726	0.1	-1	-1	0	-1	0
2019	5	17399.9	0.434851	1798	0.2	0.234851	3313.82	2217	2217	0.217	-1	-1	0	-1	0
2019	6	10854.4	0.450207	2847	0.2	0.250207	2186.78	3071	3071	0.409	-1	-1	0	-1	0
2019	7	5629.94	0.439811	4161	0.2	0.239811	1092.36	4030	4030	0.633	-1	-1	0	-1	0
2019	8	2818.54	0.436149	5696	0.2	0.236149	539.433	5532	5532	0.812	-1	-1	0	-1	0
2019	9	3549.35	0.46543	7297	0.2	0.26543	753.261	6846	6846	0.915	-1	-1	0	-1	0
2019	10	2540.96	0.526905	9630	0.2	0.326905	645.677	7175	7175	1	-1	-1	0	-1	0
2019	11	1671.04	0.586293	9605	0.2	0.386293	488.421	7491	7491	1	-1	-1	0	-1	0
2019	12	752.005	0.586293	10908	0.2	0.386293	219.8	8218	8218	1	-1	-1	0	-1	0
2019	13	401.382	0.586293	12732	0.2	0.386293	117.318	8575	8575	1	-1	-1	0	-1	0
2019	14	138.626	0.586293	11185	0.2	0.386293	40.5185	9173	9173	1	-1	-1	0	-1	0
2020	1	48957.3	0.2	37	0.2	0	0	-1	-1	0	-1	-1	0	-1	0
2020	2	40082.9	0.2	260	0.2	0	0	-1	-1	0	-1	-1	0	-1	0
2020	3	32817.1	0.240463	641	0.2	0.0404627	1180.28	1142	1142	0	-1	-1	0	-1	0
2020	4	25788.4	0.381302	1247	0.2	0.181302	3887.37	1726	1726	0.1	-1	-1	0	-1	0
2020	5	17550.2	0.431627	1798	0.2	0.231627	3301.49	2217	2217	0.217	-1	-1	0	-1	0
2020	6	11264	0.446772	2847	0.2	0.246772	2241.71	3071	3071	0.409	-1	-1	0	-1	0
2020	7	6919.64	0.436519	4161	0.2	0.236519	1326.18	4030	4030	0.633	-1	-1	0	-1	0
2020	8	3626.57	0.432907	5696	0.2	0.232907	685.583	5532	5532	0.812	-1	-1	0	-1	0
2020	9	1822.25	0.461787	7297	0.2	0.261787	382.059	6846	6846	0.915	-1	-1	0	-1	0
2020	10	2228.51	0.522417	9630	0.2	0.322417	559.653	7175	7175	1	-1	-1	0	-1	0
2020	11	1500.26	0.58099	9605	0.2	0.38099	433.521	7491	7491	1	-1	-1	0	-1	0
2020	12	929.743	0.58099	10908	0.2	0.38099	268.663	8218	8218	1	-1	-1	0	-1	0
2020	13	418.405	0.58099	12732	0.2	0.38099	120.904	8575	8575	1	-1	-1	0	-1	0
2020	14	223.323	0.58099	11185	0.2	0.38099	64.5325	9173	9173	1	-1	-1	0	-1	0
